span  = [10, 20, 25, 30, 40, 50, 60, 75, 80, 120, 140]
step  = [1, 2, 2.5, 3, 4, 5, 6, 7.5, 8, 10, 10] 
power = [-9:1:2, -9:1:2, -8:1:3, -8:1:3, -7:1:4, -7:1:4, -6:1:5, -6:1:5, -3:1:8, -1:1:10]
